1.153000e-07 6.178500e-01
1.274200e-07 6.804700e-01
1.408200e-07 7.494300e-01
1.556300e-07 8.253800e-01
1.720000e-07 9.090200e-01
1.900900e-07 1.001100e+00
2.100800e-07 1.102600e+00
2.321800e-07 1.214300e+00
2.566000e-07 1.337400e+00
2.835800e-07 1.472900e+00
3.134100e-07 1.622200e+00
3.463700e-07 1.786600e+00
3.828000e-07 1.967700e+00
4.230500e-07 2.167100e+00
4.675500e-07 2.386700e+00
5.167200e-07 2.628600e+00
5.710600e-07 2.895000e+00
6.311200e-07 3.188400e+00
6.975000e-07 3.511500e+00
7.708600e-07 3.867300e+00
8.519300e-07 4.259300e+00
9.415200e-07 4.690900e+00
1.040500e-06 5.166300e+00
1.150000e-06 5.689900e+00
1.270900e-06 6.266500e+00
1.404600e-06 6.901500e+00
1.552300e-06 7.601000e+00
1.715600e-06 8.371300e+00
1.896000e-06 9.219600e+00
2.095400e-06 1.015400e+01
2.315800e-06 1.118300e+01
2.559300e-06 1.231600e+01
2.828500e-06 1.356400e+01
3.126000e-06 1.493900e+01
3.454700e-06 1.645300e+01
3.818100e-06 1.812100e+01
4.219600e-06 1.995700e+01
4.663400e-06 2.197900e+01
5.153900e-06 2.420700e+01
5.695900e-06 2.666000e+01
6.294900e-06 2.936200e+01
6.957000e-06 3.233700e+01
7.688700e-06 3.561500e+01
8.497300e-06 3.922400e+01
9.390900e-06 4.319900e+01
1.037900e-05 4.757700e+01
1.147000e-05 5.239800e+01
1.267600e-05 5.770800e+01
1.401000e-05 6.355700e+01
1.548300e-05 6.999800e+01
1.711100e-05 7.709100e+01
1.891100e-05 8.490400e+01
2.090000e-05 9.350800e+01
2.309800e-05 1.029800e+02
2.552700e-05 1.134200e+02
2.821200e-05 1.249100e+02
3.117900e-05 1.375700e+02
3.445800e-05 1.515100e+02
3.808200e-05 1.668700e+02
4.208700e-05 1.837800e+02
4.651400e-05 2.024000e+02
5.140600e-05 2.229100e+02
5.681200e-05 2.454900e+02
6.278700e-05 2.703700e+02
6.939000e-05 2.977600e+02
7.668800e-05 3.279300e+02
8.475300e-05 3.611500e+02
9.366700e-05 3.977300e+02
1.035200e-04 4.380200e+02
1.144100e-04 4.823800e+02
1.264400e-04 5.312300e+02
1.397300e-04 5.850100e+02
1.544300e-04 6.442300e+02
1.706700e-04 7.094300e+02
1.886200e-04 7.812000e+02
2.084600e-04 8.602000e+02
2.303800e-04 9.471500e+02
2.546100e-04 1.042800e+03
2.813900e-04 1.148100e+03
3.109900e-04 1.263900e+03
3.436900e-04 1.391300e+03
3.798400e-04 1.531400e+03
4.197900e-04 1.685400e+03
4.639400e-04 1.854500e+03
5.127300e-04 2.040300e+03
5.666500e-04 2.244200e+03
6.262500e-04 2.468000e+03
6.921100e-04 2.713300e+03
7.649000e-04 2.982100e+03
8.453500e-04 3.276300e+03
9.342500e-04 3.598000e+03
1.032500e-03 3.949600e+03
1.141100e-03 4.333100e+03
1.261100e-03 4.751100e+03
1.393700e-03 5.205900e+03
1.540300e-03 5.699800e+03
1.702300e-03 6.235100e+03
1.881400e-03 6.814000e+03
2.079200e-03 7.438400e+03
2.297900e-03 8.110100e+03
2.539600e-03 8.830300e+03
2.806600e-03 9.599700e+03
3.101800e-03 1.041800e+04
3.428000e-03 1.128500e+04
3.788600e-03 1.219900e+04
4.187000e-03 1.315700e+04
4.627400e-03 1.415400e+04
5.114000e-03 1.518400e+04
5.651900e-03 1.623900e+04
6.246300e-03 1.730900e+04
6.903200e-03 1.838100e+04
7.629300e-03 1.944100e+04
8.431600e-03 2.047000e+04
9.318400e-03 2.144700e+04
1.029800e-02 2.234700e+04
1.138200e-02 2.314300e+04
1.257900e-02 2.380500e+04
1.390100e-02 2.430100e+04
1.536300e-02 2.459600e+04
1.697900e-02 2.465700e+04
1.876500e-02 2.445700e+04
2.073800e-02 2.397100e+04
2.292000e-02 2.319300e+04
2.533000e-02 2.213000e+04
2.799400e-02 2.081600e+04
3.093800e-02 1.930900e+04
3.419200e-02 1.769500e+04
3.778800e-02 1.607900e+04
4.176200e-02 1.456900e+04
4.615400e-02 1.325400e+04
5.100800e-02 1.218100e+04
5.637300e-02 1.133000e+04
6.230200e-02 1.060300e+04
6.885400e-02 9.810900e+03
7.609600e-02 8.803300e+03
8.409900e-02 7.561800e+03
9.294300e-02 6.281900e+03
1.027200e-01 5.258900e+03
1.135200e-01 4.635200e+03
1.254600e-01 4.233700e+03
1.386600e-01 3.702000e+03
1.532400e-01 2.989700e+03
1.693500e-01 2.444300e+03
1.871600e-01 2.164900e+03
2.068500e-01 1.835700e+03
2.286000e-01 1.462800e+03
2.526500e-01 1.251900e+03
2.792200e-01 1.030500e+03
3.085800e-01 8.421500e+02
3.410400e-01 6.972600e+02
3.769000e-01 5.671400e+02
4.165400e-01 4.623100e+02
4.603500e-01 3.763000e+02
5.087700e-01 3.040800e+02
5.622700e-01 2.454300e+02
6.214100e-01 1.975800e+02
6.867600e-01 1.585900e+02
7.589900e-01 1.269700e+02
8.388100e-01 1.014000e+02
9.270300e-01 8.078400e+01
1.024500e+00 6.421900e+01
1.132300e+00 5.094000e+01
1.251400e+00 4.032600e+01
1.383000e+00 3.186000e+01
1.528400e+00 2.512500e+01
1.689200e+00 1.977900e+01
1.866800e+00 1.554400e+01
2.063200e+00 1.219600e+01
2.280100e+00 9.553700e+00
2.519900e+00 7.472900e+00
2.785000e+00 5.837100e+00
3.077900e+00 4.553000e+00
3.401600e+00 3.546800e+00
3.759300e+00 2.759500e+00
4.154700e+00 2.144300e+00
4.591600e+00 1.664400e+00
5.074500e+00 1.290400e+00
5.608200e+00 9.993900e-01
6.198000e+00 7.732000e-01
6.849900e+00 5.976100e-01
7.570300e+00 4.614500e-01
8.366500e+00 3.559900e-01
9.246400e+00 2.743900e-01
1.021900e+01 2.113100e-01
1.129400e+01 1.625900e-01
1.248100e+01 1.250100e-01
1.379400e+01 9.603700e-02
1.524500e+01 7.372500e-02
1.684800e+01 5.655500e-02
1.862000e+01 4.335300e-02
2.057800e+01 3.321000e-02
2.274300e+01 2.542200e-02
2.513400e+01 1.944900e-02
2.777800e+01 1.486900e-02
3.069900e+01 1.136000e-02
3.392800e+01 8.674300e-03
3.749600e+01 6.619200e-03
4.143900e+01 5.047900e-03
4.579800e+01 3.847200e-03
5.061400e+01 2.930300e-03
5.593800e+01 2.230500e-03
6.182100e+01 1.696700e-03
6.832200e+01 1.289700e-03
7.550800e+01 9.797000e-04
8.344900e+01 7.436200e-04
9.222500e+01 5.639700e-04
1.000000e+02 4.505187e-04
1.098541e+02 3.487260e-04
1.206793e+02 2.698440e-04
1.325711e+02 2.087381e-04
1.456348e+02 1.614190e-04
1.599859e+02 1.247886e-04
1.757511e+02 9.644190e-05
1.930698e+02 7.451268e-05
2.120951e+02 5.755343e-05
2.329952e+02 4.444182e-05
2.559548e+02 3.430795e-05
2.811769e+02 2.647784e-05
3.088844e+02 2.042952e-05
3.393222e+02 1.575882e-05
3.727594e+02 1.215296e-05
4.094915e+02 9.369900e-06
4.498433e+02 7.222461e-06
4.941713e+02 5.565893e-06
5.428675e+02 4.288308e-06
5.963623e+02 3.303244e-06
6.551286e+02 2.543905e-06
7.196857e+02 1.958703e-06
7.906043e+02 1.507807e-06
8.685114e+02 1.160471e-06
9.540955e+02 8.929675e-07
1.048113e+03 6.869920e-07
1.151395e+03 5.284260e-07
1.264855e+03 4.063821e-07
1.389495e+03 3.124673e-07
1.526418e+03 2.402125e-07
1.676833e+03 1.846329e-07
1.842070e+03 1.418884e-07
2.023590e+03 1.090209e-07
2.222996e+03 8.375286e-08
2.442053e+03 6.433059e-08
2.682696e+03 4.940431e-08
2.947052e+03 3.793523e-08
3.237458e+03 2.912410e-08
3.556480e+03 2.235607e-08
3.906940e+03 1.715823e-08
4.291934e+03 1.316694e-08
4.714866e+03 1.010262e-08
5.179475e+03 7.750330e-09
5.689866e+03 5.944908e-09
6.250552e+03 4.559421e-09
6.866488e+03 3.496350e-09
7.543120e+03 2.680782e-09
8.286428e+03 2.055184e-09
9.102982e+03 1.575373e-09
1.000000e+04 1.207426e-09
