-3.3010299956639813
-3.2479267305348394
-3.1948234654056966
-3.141720200276555
-3.0886169351474133
-3.0355136700182705
-2.9824104048891287
-2.929307139759987
-2.8762038746308445
-2.8231006095017026
-2.7699973443725607
-2.716894079243418
-2.663790814114276
-2.6106875489851338
-2.557584283855992
-2.5044810187268505
-2.4513777535977077
-2.398274488468566
-2.345171223339424
-2.292067958210281
-2.2389646930811393
-2.1858614279519974
-2.1327581628228556
-2.0796548976937133
-2.026551632564571
-1.973448367435429
-1.9203451023062872
-1.8672418371771449
-1.8141385720480026
-1.7610353069188607
-1.7079320417897188
-1.6548287766605765
-1.6017255115314346
-1.5486222464022923
-1.49551898127315
-1.4424157161440083
-1.3893124510148662
-1.336209185885724
-1.2831059207565818
-1.23000265562744
-1.1768993904982978
-1.1237961253691557
-1.0706928602400134
-1.0175895951108713
-0.9644863299817295
-0.9113830648525874
-0.8582797997234453
-0.8051765345943029
-0.7520732694651608
-0.6989700043360187