-7.
-6.938775510204081
-6.877551020408164
-6.816326530612245
-6.755102040816326
-6.6938775510204085
-6.63265306122449
-6.571428571428571
-6.510204081632653
-6.448979591836735
-6.387755102040816
-6.326530612244898
-6.26530612244898
-6.204081632653061
-6.142857142857143
-6.081632653061225
-6.020408163265306
-5.959183673469388
-5.8979591836734695
-5.836734693877551
-5.775510204081633
-5.714285714285714
-5.653061224489796
-5.591836734693878
-5.530612244897959
-5.469387755102041
-5.408163265306122
-5.346938775510204
-5.285714285714286
-5.224489795918367
-5.163265306122449
-5.1020408163265305
-5.040816326530612
-4.979591836734694
-4.918367346938775
-4.857142857142857
-4.795918367346939
-4.73469387755102
-4.673469387755102
-4.612244897959184
-4.551020408163265
-4.489795918367347
-4.428571428571429
-4.36734693877551
-4.3061224489795915
-4.244897959183674
-4.183673469387755
-4.122448979591836
-4.061224489795919
-4.