-7.
-6.8979591836734695
-6.795918367346939
-6.6938775510204085
-6.591836734693878
-6.489795918367347
-6.387755102040816
-6.285714285714286
-6.183673469387755
-6.081632653061225
-5.979591836734694
-5.877551020408164
-5.775510204081633
-5.673469387755102
-5.571428571428571
-5.469387755102041
-5.36734693877551
-5.26530612244898
-5.163265306122449
-5.061224489795919
-4.959183673469388
-4.857142857142857
-4.755102040816326
-4.653061224489796
-4.551020408163265
-4.448979591836735
-4.346938775510204
-4.244897959183674
-4.142857142857143
-4.040816326530612
-3.938775510204082
-3.836734693877551
-3.7346938775510203
-3.63265306122449
-3.5306122448979593
-3.4285714285714284
-3.326530612244898
-3.2244897959183674
-3.122448979591837
-3.020408163265306
-2.9183673469387754
-2.816326530612245
-2.7142857142857144
-2.6122448979591835
-2.510204081632653
-2.4081632653061225
-2.306122448979592
-2.204081632653061
-2.1020408163265305
-2.