3.999999999999999
4.132192998175721
4.268754743543112
4.409829615549562
4.555566765130456
4.706120272398524
4.861649309544498
5.022318309121402
5.188297137890297
5.359761276411353
5.536892004570089
5.719876593234914
5.908908502248627
6.104187584963191
6.305920299534014
6.514319927197151
6.72960679776016
6.952008522545067
7.181760235029665
7.419104839441599
7.6642932675680475
7.917584744052499
8.179247060459161
8.449556858394676
8.72879992198653
9.01727148002738
9.315276518104689
9.623130101045726
9.94115770601879
10.269695566642865
10.609091028469473
10.959702916212605
11.32190191311494
11.696070952851459
12.082605624384808
12.481914590200374
12.89442001836334
13.320558028854462
13.760779154656449
14.21554881807845
14.68534782282223
15.170672862310273
15.672037044813234
16.18997043593194
16.725020619007466
17.277753274051804
17.84875277581113
18.43862281159405
19.04798701951802
19.677489647848596
20.3277962361288
20.99959431881854
21.69359415218817
22.41052946523442
23.15115823541309
23.91626349000804
24.706654133984213
25.523165805199703
26.366661757881037
27.238033775295893
28.138203112587874
29.068121470770475
30.028772002909776
31.021170353559725
32.04636573254894
33.10544202425426
34.19951893353393
35.32975316953173
36.49733966860388
37.70351285766149
38.949547959264265
40.23676233984529
41.56651690249234
42.94021752575788
44.3593165500198
45.82531431296303
47.33976073580685
48.90425696195377
50.52045704979288
52.19006972144788
53.914860169317386
55.69665192231912
57.53732877380932
59.43883677321733
61.40318628349956
63.43245410658909
65.52878567908756
67.69439734052077
69.93157867655623
72.24269493966005
74.63018954975198
77.096586677503
79.64449391300637
82.27660502264345
84.99570279705915
87.80466199325805
90.70645237393175
93.70414184723003
96.80089971029717
100.